79507, 00000
79507, 00001
79507, 00002
79507, 00003
79507, 00004
79507, 00005
79507, 00006
79507, 00007
79507, 00008
79507, 00009
79507, 00010
79507, 00011
79507, 00012
79507, 00013
79507, 00014
79507, 00015
79507, 00016
79507, 00017
79507, 00018
79507, 00019
79507, 00020
79507, 00021
79507, 00022
79507, 00023
79507, 00024
79507, 00025
79507, 00026
79507, 00027
79507, 00028
79507, 00029
79507, 00030
79507, 00031
79507, 00032
79507, 00033
79507, 00034
79507, 00035
79507, 00036
79507, 00037
79507, 00038
79507, 00039
79507, 00040
79507, 00041
79507, 00042
79507, 00043
79507, 00044
79507, 00045
79507, 00046
79507, 00047
79507, 00048
79507, 00049
79507, 00050
79507, 00051
79507, 00052
79507, 00053
79507, 00054
79507, 00055
79507, 00056
79507, 00057
79507, 00058
79507, 00059
79507, 00060
79507, 00061
79507, 00062
79507, 00063
79507, 00064
79507, 00065
79507, 00066
79507, 00067
79507, 00068
79507, 00069
79507, 00070
79507, 00071
79507, 00072
79507, 00073
79507, 00074
79507, 00075
79507, 00076
79507, 00077
79507, 00078
79507, 00079
79507, 00080
79507, 00081
79507, 00082
79507, 00083
79507, 00084
79507, 00085
79507, 00086
79507, 00087
79507, 00088
79507, 00089
79507, 00090
79507, 00091
79507, 00092
79507, 00093
79507, 00094
79507, 00095
79507, 00096
79507, 00097
79507, 00098
79507, 00099
79507, 00100
79507, 00101
79507, 00102
79507, 00103
79507, 00104
79507, 00105
79507, 00106
79507, 00107
79507, 00108
79507, 00109
79507, 00110
79507, 00111
79507, 00112
79507, 00113
79507, 00114
79507, 00115
79507, 00116
79507, 00117
79507, 00118
79507, 00119
79507, 00120
79507, 00121
79507, 00122
79507, 00123
79507, 00124
79507, 00125
79507, 00126
79507, 00127
79507, 00128
79507, 00129
79507, 00130
79507, 00131
79507, 00132
79507, 00133
79507, 00134
79507, 00135
79507, 00136
79507, 00137
79507, 00138
79507, 00139
79507, 00140
79507, 00141
79507, 00142
79507, 00143
79507, 00144
79507, 00145
79507, 00146
79507, 00147
79507, 00148
79507, 00149
79507, 00150
79507, 00151
79507, 00152
79507, 00153
79507, 00154
79507, 00155
79507, 00156
79507, 00157
79507, 00158
79507, 00159
79507, 00160
79507, 00161
79507, 00162
79507, 00163
79507, 00164
79507, 00165
79507, 00166
79507, 00167
79507, 00168
79507, 00169
79507, 00170
79507, 00171
79507, 00172
79507, 00173
79507, 00174
79507, 00175
79507, 00176
79507, 00177
79507, 00178
79507, 00179
79507, 00180
79507, 00181
79507, 00182
79507, 00183
79507, 00184
79507, 00185
79507, 00186
79507, 00187
79507, 00188
79507, 00189
79507, 00190
79507, 00191
79507, 00192
79507, 00193
79507, 00194
79507, 00195
79507, 00196
79507, 00197
79507, 00198
79507, 00199
79507, 00200
79507, 00201
79507, 00202
79507, 00203
79507, 00204
79507, 00205
79507, 00206
79507, 00207
79507, 00208
79507, 00209
79507, 00210
79507, 00211
79507, 00212
79507, 00213
79507, 00214
79507, 00215
79507, 00216
79507, 00217
79507, 00218
79507, 00219
79507, 00220
79507, 00221
79507, 00222
79507, 00223
79507, 00224
79507, 00225
79507, 00226
79507, 00227
79507, 00228
79507, 00229
79507, 00230
79507, 00231
79507, 00232
79507, 00233
79507, 00234
79507, 00235
79507, 00236
79507, 00237
79507, 00238
79507, 00239
79507, 00240
79507, 00241
79507, 00242
79507, 00243
79507, 00244
79507, 00245
79507, 00246
79507, 00247
79507, 00248
79507, 00249
79507, 00250
79507, 00251
79507, 00252
79507, 00253
79507, 00254
79507, 00255
79507, 00256
79507, 00257
79507, 00258
79507, 00259
79507, 00260
79507, 00261
79507, 00262
79507, 00263
79507, 00264
79507, 00265
79507, 00266
79507, 00267
79507, 00268
79507, 00269
79507, 00270
79507, 00271
79507, 00272
79507, 00273
79507, 00274
79507, 00275
79507, 00276
79507, 00277
79507, 00278
79507, 00279
79507, 00280
79507, 00281
79507, 00282
79507, 00283
79507, 00284
79507, 00285
79507, 00286
79507, 00287
79507, 00288
79507, 00289
79507, 00290
79507, 00291
79507, 00292
79507, 00293
79507, 00294
79507, 00295
79507, 00296
79507, 00297
79507, 00298
79507, 00299
79507, 00300
79507, 00301
79507, 00302
79507, 00303
79507, 00304
79507, 00305
79507, 00306
79507, 00307
79507, 00308
79507, 00309
79507, 00310
79507, 00311
79507, 00312
79507, 00313
79507, 00314
79507, 00315
79507, 00316
79507, 00317
79507, 00318
79507, 00319
79507, 00320
79507, 00321
79507, 00322
79507, 00323
79507, 00324
79507, 00325
79507, 00326
79507, 00327
79507, 00328
79507, 00329
79507, 00330
79507, 00331
79507, 00332
79507, 00333
79507, 00334
79507, 00335
79507, 00336
79507, 00337
79507, 00338
79507, 00339
79507, 00340
79507, 00341
79507, 00342
79507, 00343
79507, 00344
79507, 00345
79507, 00346
79507, 00347
79507, 00348
79507, 00349
79507, 00350
79507, 00351
79507, 00352
79507, 00353
79507, 00354
79507, 00355
79507, 00356
79507, 00357
79507, 00358
79507, 00359
79507, 00360
79507, 00361
79507, 00362
79507, 00363
79507, 00364
79507, 00365
79507, 00366
79507, 00367
79507, 00368
79507, 00369
79507, 00370
79507, 00371
79507, 00372
79507, 00373
79507, 00374
79507, 00375
79507, 00376
79507, 00377
79507, 00378
79507, 00379
79507, 00380
79507, 00381
79507, 00382
79507, 00383
79507, 00384
79507, 00385
79507, 00386
79507, 00387
79507, 00388
79507, 00389
79507, 00390
79507, 00391
79507, 00392
79507, 00393
79507, 00394
79507, 00395
79507, 00396
79507, 00397
79507, 00398
79507, 00399
79507, 00400
79507, 00401
79507, 00402
79507, 00403
79507, 00404
79507, 00405
79507, 00406
79507, 00407
79507, 00408
79507, 00409
79507, 00410
79507, 00411
79507, 00412
79507, 00413
79507, 00414
79507, 00415
79507, 00416
79507, 00417
79507, 00418
79507, 00419
79507, 00420
79507, 00421
79507, 00422
79507, 00423
79507, 00424
79507, 00425
79507, 00426
79507, 00427
79507, 00428
79507, 00429
79507, 00430
79507, 00431
79507, 00432
79507, 00433
79507, 00434
79507, 00435
79507, 00436
79507, 00437
79507, 00438
79507, 00439
79507, 00440
79507, 00441
79507, 00442
79507, 00443
79507, 00444
79507, 00445
79507, 00446
79507, 00447
79507, 00448
79507, 00449
79507, 00450
79507, 00451
79507, 00452
79507, 00453
79507, 00454
79507, 00455
79507, 00456
79507, 00457
79507, 00458
79507, 00459
79507, 00460
79507, 00461
79507, 00462
79507, 00463
79507, 00464
79507, 00465
79507, 00466
79507, 00467
79507, 00468
79507, 00469
79507, 00470
79507, 00471
79507, 00472
79507, 00473
79507, 00474
79507, 00475
79507, 00476
79507, 00477
79507, 00478
79507, 00479
79507, 00480
79507, 00481
79507, 00482
79507, 00483
79507, 00484
79507, 00485
79507, 00486
79507, 00487
79507, 00488
79507, 00489
79507, 00490
79507, 00491
79507, 00492
79507, 00493
79507, 00494
79507, 00495
79507, 00496
79507, 00497
79507, 00498
79507, 00499
79507, 00500
79507, 00501
79507, 00502
79507, 00503
79507, 00504
79507, 00505
79507, 00506
79507, 00507
79507, 00508
79507, 00509
79507, 00510
79507, 00511
79507, 00512
79507, 00513
79507, 00514
79507, 00515
79507, 00516
79507, 00517
79507, 00518
79507, 00519
79507, 00520
79507, 00521
79507, 00522
79507, 00523
79507, 00524
79507, 00525
79507, 00526
79507, 00527
79507, 00528
79507, 00529
79507, 00530
79507, 00531
79507, 00532
79507, 00533
79507, 00534
79507, 00535
79507, 00536
79507, 00537
79507, 00538
79507, 00539
79507, 00540
79507, 00541
79507, 00542
79507, 00543
79507, 00544
79507, 00545
79507, 00546
79507, 00547
79507, 00548
79507, 00549
79507, 00550
79507, 00551
79507, 00552
79507, 00553
79507, 00554
79507, 00555
79507, 00556
79507, 00557
79507, 00558
79507, 00559
79507, 00560
79507, 00561
79507, 00562
79507, 00563
79507, 00564
79507, 00565
79507, 00566
79507, 00567
79507, 00568
79507, 00569
79507, 00570
79507, 00571
79507, 00572
79507, 00573
79507, 00574
79507, 00575
79507, 00576
79507, 00577
79507, 00578
79507, 00579
79507, 00580
79507, 00581
79507, 00582
79507, 00583
79507, 00584
79507, 00585
79507, 00586
79507, 00587
79507, 00588
79507, 00589
79507, 00590
79507, 00591
79507, 00592
79507, 00593
79507, 00594
79507, 00595
79507, 00596
79507, 00597
79507, 00598
79507, 00599
79507, 00600
79507, 00601
79507, 00602
79507, 00603
79507, 00604
79507, 00605
79507, 00606
79507, 00607
79507, 00608
79507, 00609
79507, 00610
79507, 00611
79507, 00612
79507, 00613
79507, 00614
79507, 00615
79507, 00616
79507, 00617
79507, 00618
79507, 00619
79507, 00620
79507, 00621
79507, 00622
79507, 00623
79507, 00624
79507, 00625
79507, 00626
79507, 00627
79507, 00628
79507, 00629
79507, 00630
79507, 00631
79507, 00632
79507, 00633
79507, 00634
79507, 00635
79507, 00636
79507, 00637
79507, 00638
79507, 00639
79507, 00640
79507, 00641
79507, 00642
79507, 00643
79507, 00644
79507, 00645
79507, 00646
79507, 00647
79507, 00648
79507, 00649
79507, 00650
79507, 00651
79507, 00652
79507, 00653
79507, 00654
79507, 00655
79507, 00656
79507, 00657
79507, 00658
79507, 00659
79507, 00660
79507, 00661
79507, 00662
79507, 00663
79507, 00664
79507, 00665
79507, 00666
79507, 00667
79507, 00668
79507, 00669
79507, 00670
79507, 00671
79507, 00672
79507, 00673
79507, 00674
79507, 00675
79507, 00676
79507, 00677
79507, 00678
79507, 00679
79507, 00680
79507, 00681
79507, 00682
79507, 00683
79507, 00684
79507, 00685
79507, 00686
79507, 00687
79507, 00688
79507, 00689
79507, 00690
79507, 00691
79507, 00692
79507, 00693
79507, 00694
79507, 00695
79507, 00696
79507, 00697
79507, 00698
79507, 00699
79507, 00700
79507, 00701
79507, 00702
79507, 00703
79507, 00704
79507, 00705
79507, 00706
79507, 00707
79507, 00708
79507, 00709
79507, 00710
79507, 00711
79507, 00712
79507, 00713
79507, 00714
79507, 00715
79507, 00716
79507, 00717
79507, 00718
79507, 00719
79507, 00720
79507, 00721
79507, 00722
79507, 00723
79507, 00724
79507, 00725
79507, 00726
79507, 00727
79507, 00728
79507, 00729
79507, 00730
79507, 00731
79507, 00732
79507, 00733
79507, 00734
79507, 00735
79507, 00736
79507, 00737
79507, 00738
79507, 00739
79507, 00740
79507, 00741
79507, 00742
79507, 00743
79507, 00744
79507, 00745
79507, 00746
79507, 00747
79507, 00748
79507, 00749
79507, 00750
79507, 00751
79507, 00752
79507, 00753
79507, 00754
79507, 00755
79507, 00756
79507, 00757
79507, 00758
79507, 00759
79507, 00760
79507, 00761
79507, 00762
79507, 00763
79507, 00764
79507, 00765
79507, 00766
79507, 00767
79507, 00768
79507, 00769
79507, 00770
79507, 00771
79507, 00772
79507, 00773
79507, 00774
79507, 00775
79507, 00776
79507, 00777
79507, 00778
79507, 00779
79507, 00780
79507, 00781
79507, 00782
79507, 00783
79507, 00784
79507, 00785
79507, 00786
79507, 00787
79507, 00788
79507, 00789
79507, 00790
79507, 00791
79507, 00792
79507, 00793
79507, 00794
79507, 00795
79507, 00796
79507, 00797
79507, 00798
79507, 00799
79507, 00800
79507, 00801
79507, 00802
79507, 00803
79507, 00804
79507, 00805
79507, 00806
79507, 00807
79507, 00808
79507, 00809
79507, 00810
79507, 00811
79507, 00812
79507, 00813
79507, 00814
79507, 00815
79507, 00816
79507, 00817
79507, 00818
79507, 00819
79507, 00820
79507, 00821
79507, 00822
79507, 00823
79507, 00824
79507, 00825
79507, 00826
79507, 00827
79507, 00828
79507, 00829
79507, 00830
79507, 00831
79507, 00832
79507, 00833
79507, 00834
79507, 00835
79507, 00836
79507, 00837
79507, 00838
79507, 00839
79507, 00840
79507, 00841
79507, 00842
79507, 00843
79507, 00844
79507, 00845
79507, 00846
79507, 00847
79507, 00848
79507, 00849
79507, 00850
79507, 00851
79507, 00852
79507, 00853
79507, 00854
79507, 00855
79507, 00856
79507, 00857
79507, 00858
79507, 00859
79507, 00860
79507, 00861
79507, 00862
79507, 00863
79507, 00864
79507, 00865
79507, 00866
79507, 00867
79507, 00868
79507, 00869
79507, 00870
79507, 00871
79507, 00872
79507, 00873
79507, 00874
79507, 00875
79507, 00876
79507, 00877
79507, 00878
79507, 00879
79507, 00880
79507, 00881
79507, 00882
79507, 00883
79507, 00884
79507, 00885
79507, 00886
79507, 00887
79507, 00888
79507, 00889
79507, 00890
79507, 00891
79507, 00892
79507, 00893
79507, 00894
79507, 00895
79507, 00896
79507, 00897
79507, 00898
79507, 00899
79507, 00900
79507, 00901
79507, 00902
79507, 00903
79507, 00904
79507, 00905
79507, 00906
79507, 00907
79507, 00908
79507, 00909
79507, 00910
79507, 00911
79507, 00912
79507, 00913
79507, 00914
79507, 00915
79507, 00916
79507, 00917
79507, 00918
79507, 00919
79507, 00920
79507, 00921
79507, 00922
79507, 00923
79507, 00924
79507, 00925
79507, 00926
79507, 00927
79507, 00928
79507, 00929
79507, 00930
79507, 00931
79507, 00932
79507, 00933
79507, 00934
79507, 00935
79507, 00936
79507, 00937
79507, 00938
79507, 00939
79507, 00940
79507, 00941
79507, 00942
79507, 00943
79507, 00944
79507, 00945
79507, 00946
79507, 00947
79507, 00948
79507, 00949
79507, 00950
79507, 00951
79507, 00952
79507, 00953
79507, 00954
79507, 00955
79507, 00956
79507, 00957
79507, 00958
79507, 00959
79507, 00960
79507, 00961
79507, 00962
79507, 00963
79507, 00964
79507, 00965
79507, 00966
79507, 00967
79507, 00968
79507, 00969
79507, 00970
79507, 00971
79507, 00972
79507, 00973
79507, 00974
79507, 00975
79507, 00976
79507, 00977
79507, 00978
79507, 00979
79507, 00980
79507, 00981
79507, 00982
79507, 00983
79507, 00984
79507, 00985
79507, 00986
79507, 00987
79507, 00988
79507, 00989
79507, 00990
79507, 00991
79507, 00992
79507, 00993
79507, 00994
79507, 00995
79507, 00996
79507, 00997
79507, 00998
79507, 00999
79507, 01000
79507, 01001
79507, 01002
79507, 01003
79507, 01004
79507, 01005
79507, 01006
79507, 01007
79507, 01008
79507, 01009
79507, 01010
79507, 01011
79507, 01012
79507, 01013
79507, 01014
79507, 01015
79507, 01016
79507, 01017
79507, 01018
79507, 01019
79507, 01020
79507, 01021
79507, 01022
79507, 01023
79507, 01024
79507, 01025
79507, 01026
79507, 01027
79507, 01028
79507, 01029
79507, 01030
79507, 01031
79507, 01032
79507, 01033
79507, 01034
79507, 01035
79507, 01036
79507, 01037
79507, 01038
79507, 01039
79507, 01040
79507, 01041
79507, 01042
79507, 01043
79507, 01044
79507, 01045
79507, 01046
79507, 01047
79507, 01048
79507, 01049
79507, 01050
79507, 01051
79507, 01052
79507, 01053
79507, 01054
79507, 01055
79507, 01056
79507, 01057
79507, 01058
79507, 01059
79507, 01060
79507, 01061
79507, 01062
79507, 01063
79507, 01064
79507, 01065
79507, 01066
79507, 01067
79507, 01068
79507, 01069
79507, 01070
79507, 01071
79507, 01072
79507, 01073
79507, 01074
79507, 01075
79507, 01076
79507, 01077
79507, 01078
79507, 01079
79507, 01080
79507, 01081
79507, 01082
79507, 01083
79507, 01084
79507, 01085
79507, 01086
79507, 01087
79507, 01088
79507, 01089
79507, 01090
79507, 01091
79507, 01092
79507, 01093
79507, 01094
79507, 01095
79507, 01096
79507, 01097
79507, 01098
79507, 01099
79507, 01100
79507, 01101
79507, 01102
79507, 01103
79507, 01104
79507, 01105
79507, 01106
79507, 01107
79507, 01108
79507, 01109
79507, 01110
79507, 01111
79507, 01112
79507, 01113
79507, 01114
79507, 01115
79507, 01116
79507, 01117
79507, 01118
79507, 01119
79507, 01120
79507, 01121
79507, 01122
79507, 01123
79507, 01124
79507, 01125
79507, 01126
79507, 01127
79507, 01128
79507, 01129
79507, 01130
79507, 01131
79507, 01132
79507, 01133
79507, 01134
79507, 01135
79507, 01136
79507, 01137
79507, 01138
79507, 01139
79507, 01140
79507, 01141
79507, 01142
79507, 01143
79507, 01144
79507, 01145
79507, 01146
79507, 01147
79507, 01148
79507, 01149
79507, 01150
79507, 01151
79507, 01152
79507, 01153
79507, 01154
79507, 01155
79507, 01156
79507, 01157
79507, 01158
79507, 01159
79507, 01160
79507, 01161
79507, 01162
79507, 01163
79507, 01164
79507, 01165
79507, 01166
79507, 01167
79507, 01168
79507, 01169
79507, 01170
79507, 01171
79507, 01172
79507, 01173
79507, 01174
79507, 01175
79507, 01176
79507, 01177
79507, 01178
79507, 01179
79507, 01180
79507, 01181
79507, 01182
79507, 01183
79507, 01184
79507, 01185
79507, 01186
79507, 01187
79507, 01188
79507, 01189
79507, 01190
79507, 01191
79507, 01192
79507, 01193
79507, 01194
79507, 01195
79507, 01196
79507, 01197
79507, 01198
79507, 01199
79507, 01200
79507, 01201
79507, 01202
79507, 01203
79507, 01204
79507, 01205
79507, 01206
79507, 01207
79507, 01208
79507, 01209
79507, 01210
79507, 01211
79507, 01212
79507, 01213
79507, 01214
79507, 01215
79507, 01216
79507, 01217
79507, 01218
79507, 01219
79507, 01220
79507, 01221
79507, 01222
79507, 01223
79507, 01224
79507, 01225
79507, 01226
79507, 01227
79507, 01228
79507, 01229
79507, 01230
79507, 01231
79507, 01232
79507, 01233
79507, 01234
79507, 01235
79507, 01236
79507, 01237
79507, 01238
79507, 01239
79507, 01240
79507, 01241
79507, 01242
79507, 01243
79507, 01244
79507, 01245
79507, 01246
79507, 01247
79507, 01248
79507, 01249
79507, 01250
79507, 01251
79507, 01252
79507, 01253
79507, 01254
79507, 01255
79507, 01256
79507, 01257
79507, 01258
79507, 01259
79507, 01260
79507, 01261
79507, 01262
79507, 01263
79507, 01264
79507, 01265
79507, 01266
79507, 01267
79507, 01268
79507, 01269
79507, 01270
79507, 01271
79507, 01272
79507, 01273
79507, 01274
79507, 01275
79507, 01276
79507, 01277
79507, 01278
79507, 01279
79507, 01280
79507, 01281
79507, 01282
79507, 01283
79507, 01284
79507, 01285
79507, 01286
79507, 01287
79507, 01288
79507, 01289
79507, 01290
79507, 01291
79507, 01292
79507, 01293
79507, 01294
79507, 01295
79507, 01296
79507, 01297
79507, 01298
79507, 01299
79507, 01300
79507, 01301
79507, 01302
79507, 01303
79507, 01304
79507, 01305
79507, 01306
79507, 01307
79507, 01308
79507, 01309
79507, 01310
79507, 01311
79507, 01312
79507, 01313
79507, 01314
79507, 01315
79507, 01316
79507, 01317
79507, 01318
79507, 01319
79507, 01320
79507, 01321
79507, 01322
79507, 01323
79507, 01324
79507, 01325
79507, 01326
79507, 01327
79507, 01328
79507, 01329
79507, 01330
79507, 01331
79507, 01332
79507, 01333
79507, 01334
79507, 01335
79507, 01336
79507, 01337
79507, 01338
79507, 01339
79507, 01340
79507, 01341
79507, 01342
79507, 01343
79507, 01344
79507, 01345
79507, 01346
79507, 01347
79507, 01348
79507, 01349
79507, 01350
79507, 01351
79507, 01352
79507, 01353
79507, 01354
79507, 01355
79507, 01356
79507, 01357
79507, 01358
79507, 01359
79507, 01360
79507, 01361
79507, 01362
79507, 01363
79507, 01364
79507, 01365
79507, 01366
79507, 01367
79507, 01368
79507, 01369
79507, 01370
79507, 01371
79507, 01372
79507, 01373
79507, 01374
79507, 01375
79507, 01376
79507, 01377
79507, 01378
79507, 01379
79507, 01380
79507, 01381
79507, 01382
79507, 01383
79507, 01384
79507, 01385
79507, 01386
79507, 01387
79507, 01388
79507, 01389
79507, 01390
79507, 01391
79507, 01392
79507, 01393
79507, 01394
79507, 01395
79507, 01396
79507, 01397
79507, 01398
79507, 01399
79507, 01400
79507, 01401
79507, 01402
79507, 01403
79507, 01404
79507, 01405
79507, 01406
79507, 01407
79507, 01408
79507, 01409
79507, 01410
79507, 01411
79507, 01412
79507, 01413
79507, 01414
79507, 01415
79507, 01416
79507, 01417
79507, 01418
79507, 01419
79507, 01420
79507, 01421
79507, 01422
79507, 01423
79507, 01424
79507, 01425
79507, 01426
79507, 01427
79507, 01428
79507, 01429
79507, 01430
79507, 01431
79507, 01432
79507, 01433
79507, 01434
79507, 01435
79507, 01436
79507, 01437
79507, 01438
79507, 01439
79507, 01440
79507, 01441
79507, 01442
79507, 01443
79507, 01444
79507, 01445
79507, 01446
79507, 01447
79507, 01448
79507, 01449
79507, 01450
79507, 01451
79507, 01452
79507, 01453
79507, 01454
79507, 01455
79507, 01456
79507, 01457
79507, 01458
79507, 01459
79507, 01460
79507, 01461
79507, 01462
79507, 01463
79507, 01464
79507, 01465
79507, 01466
79507, 01467
79507, 01468
79507, 01469
79507, 01470
79507, 01471
79507, 01472
79507, 01473
79507, 01474
79507, 01475
79507, 01476
79507, 01477
79507, 01478
79507, 01479
79507, 01480
79507, 01481
79507, 01482
79507, 01483
79507, 01484
79507, 01485
79507, 01486
79507, 01487
79507, 01488
79507, 01489
79507, 01490
79507, 01491
79507, 01492
79507, 01493
79507, 01494
79507, 01495
79507, 01496
79507, 01497
79507, 01498
79507, 01499
79507, 01500
79507, 01501
79507, 01502
79507, 01503
79507, 01504
79507, 01505
79507, 01506
79507, 01507
79507, 01508
79507, 01509
79507, 01510
79507, 01511
79507, 01512
79507, 01513
79507, 01514
79507, 01515
79507, 01516
79507, 01517
79507, 01518
79507, 01519
79507, 01520
79507, 01521
79507, 01522
79507, 01523
79507, 01524
79507, 01525
79507, 01526
79507, 01527
79507, 01528
79507, 01529
79507, 01530
79507, 01531
79507, 01532
79507, 01533
79507, 01534
79507, 01535
79507, 01536
79507, 01537
79507, 01538
79507, 01539
79507, 01540
79507, 01541
79507, 01542
79507, 01543
79507, 01544
79507, 01545
79507, 01546
79507, 01547
79507, 01548
79507, 01549
79507, 01550
79507, 01551
79507, 01552
79507, 01553
79507, 01554
79507, 01555
79507, 01556
79507, 01557
79507, 01558
79507, 01559
79507, 01560
79507, 01561
79507, 01562
79507, 01563
79507, 01564
79507, 01565
79507, 01566
79507, 01567
79507, 01568
79507, 01569
79507, 01570
79507, 01571
79507, 01572
79507, 01573
79507, 01574
79507, 01575
79507, 01576
79507, 01577
79507, 01578
79507, 01579
79507, 01580
79507, 01581
79507, 01582
79507, 01583
79507, 01584
79507, 01585
79507, 01586
79507, 01587
79507, 01588
79507, 01589
79507, 01590
79507, 01591
79507, 01592
79507, 01593
79507, 01594
79507, 01595
79507, 01596
79507, 01597
79507, 01598
79507, 01599
79507, 01600
79507, 01601
79507, 01602
79507, 01603
79507, 01604
79507, 01605
79507, 01606
79507, 01607
79507, 01608
79507, 01609
79507, 01610
79507, 01611
79507, 01612
79507, 01613
79507, 01614
79507, 01615
79507, 01616
79507, 01617
79507, 01618
79507, 01619
79507, 01620
79507, 01621
79507, 01622
79507, 01623
79507, 01624
79507, 01625
79507, 01626
79507, 01627
79507, 01628
79507, 01629
79507, 01630
79507, 01631
79507, 01632
79507, 01633
79507, 01634
79507, 01635
79507, 01636
79507, 01637
79507, 01638
79507, 01639
79507, 01640
79507, 01641
79507, 01642
79507, 01643
79507, 01644
79507, 01645
79507, 01646
79507, 01647
79507, 01648
79507, 01649
79507, 01650
79507, 01651
79507, 01652
79507, 01653
79507, 01654
79507, 01655
79507, 01656
79507, 01657
79507, 01658
79507, 01659
79507, 01660
79507, 01661
79507, 01662
79507, 01663
79507, 01664
79507, 01665
79507, 01666
79507, 01667
79507, 01668
79507, 01669
79507, 01670
79507, 01671
79507, 01672
79507, 01673
79507, 01674
79507, 01675
79507, 01676
79507, 01677
79507, 01678
79507, 01679
79507, 01680
79507, 01681
79507, 01682
79507, 01683
79507, 01684
79507, 01685
79507, 01686
79507, 01687
79507, 01688
79507, 01689
79507, 01690
79507, 01691
79507, 01692
79507, 01693
79507, 01694
79507, 01695
79507, 01696
79507, 01697
79507, 01698
79507, 01699
79507, 01700
79507, 01701
79507, 01702
79507, 01703
79507, 01704
79507, 01705
79507, 01706
79507, 01707
79507, 01708
79507, 01709
79507, 01710
79507, 01711
79507, 01712
79507, 01713
79507, 01714
79507, 01715
79507, 01716
79507, 01717
79507, 01718
79507, 01719
79507, 01720
79507, 01721
79507, 01722
79507, 01723
79507, 01724
79507, 01725
79507, 01726
79507, 01727
79507, 01728
79507, 01729
79507, 01730
79507, 01731
79507, 01732
79507, 01733
79507, 01734
79507, 01735
79507, 01736
79507, 01737
79507, 01738
79507, 01739
79507, 01740
79507, 01741
79507, 01742
79507, 01743
79507, 01744
79507, 01745
79507, 01746
79507, 01747
79507, 01748
79507, 01749
79507, 01750
79507, 01751
79507, 01752
79507, 01753
79507, 01754
79507, 01755
79507, 01756
79507, 01757
79507, 01758
79507, 01759
79507, 01760
79507, 01761
79507, 01762
79507, 01763
79507, 01764
79507, 01765
79507, 01766
79507, 01767
79507, 01768
79507, 01769
79507, 01770
79507, 01771
79507, 01772
79507, 01773
79507, 01774
79507, 01775
79507, 01776
79507, 01777
79507, 01778
79507, 01779
79507, 01780
79507, 01781
79507, 01782
79507, 01783
79507, 01784
79507, 01785
79507, 01786
79507, 01787
79507, 01788
79507, 01789
79507, 01790
79507, 01791
79507, 01792
79507, 01793
79507, 01794
79507, 01795
79507, 01796
79507, 01797
79507, 01798
79507, 01799
79507, 01800
79507, 01801
79507, 01802
79507, 01803
79507, 01804
79507, 01805
79507, 01806
79507, 01807
79507, 01808
79507, 01809
79507, 01810
79507, 01811
79507, 01812
79507, 01813
79507, 01814
79507, 01815
79507, 01816
79507, 01817
79507, 01818
79507, 01819
79507, 01820
79507, 01821
79507, 01822
79507, 01823
79507, 01824
79507, 01825
79507, 01826
79507, 01827
79507, 01828
79507, 01829
79507, 01830
79507, 01831
79507, 01832
79507, 01833
79507, 01834
79507, 01835
79507, 01836
79507, 01837
79507, 01838
79507, 01839
79507, 01840
79507, 01841
79507, 01842
79507, 01843
79507, 01844
79507, 01845
79507, 01846
79507, 01847
79507, 01848
79507, 01849
79507, 01850
79507, 01851
79507, 01852
79507, 01853
79507, 01854
79507, 01855
79507, 01856
79507, 01857
79507, 01858
79507, 01859
79507, 01860
79507, 01861
79507, 01862
79507, 01863
79507, 01864
79507, 01865
79507, 01866
79507, 01867
79507, 01868
79507, 01869
79507, 01870
79507, 01871
79507, 01872
79507, 01873
79507, 01874
79507, 01875
79507, 01876
79507, 01877
79507, 01878
79507, 01879
79507, 01880
79507, 01881
79507, 01882
79507, 01883
79507, 01884
79507, 01885
79507, 01886
79507, 01887
79507, 01888
79507, 01889
79507, 01890
79507, 01891
79507, 01892
79507, 01893
79507, 01894
79507, 01895
79507, 01896
79507, 01897
79507, 01898
79507, 01899
79507, 01900
79507, 01901
79507, 01902
79507, 01903
79507, 01904
79507, 01905
79507, 01906
79507, 01907
79507, 01908
79507, 01909
79507, 01910
79507, 01911
79507, 01912
79507, 01913
79507, 01914
79507, 01915
79507, 01916
79507, 01917
79507, 01918
79507, 01919
79507, 01920
79507, 01921
79507, 01922
79507, 01923
79507, 01924
79507, 01925
79507, 01926
79507, 01927
79507, 01928
79507, 01929
79507, 01930
79507, 01931
79507, 01932
79507, 01933
79507, 01934
79507, 01935
79507, 01936
79507, 01937
79507, 01938
79507, 01939
79507, 01940
79507, 01941
79507, 01942
79507, 01943
79507, 01944
79507, 01945
79507, 01946
79507, 01947
79507, 01948
79507, 01949
79507, 01950
79507, 01951
79507, 01952
79507, 01953
79507, 01954
79507, 01955
79507, 01956
79507, 01957
79507, 01958
79507, 01959
79507, 01960
79507, 01961
79507, 01962
79507, 01963
79507, 01964
79507, 01965
79507, 01966
79507, 01967
79507, 01968
79507, 01969
79507, 01970
79507, 01971
79507, 01972
79507, 01973
79507, 01974
79507, 01975
79507, 01976
79507, 01977
79507, 01978
79507, 01979
79507, 01980
79507, 01981
79507, 01982
79507, 01983
79507, 01984
79507, 01985
79507, 01986
79507, 01987
79507, 01988
79507, 01989
79507, 01990
79507, 01991
79507, 01992
79507, 01993
79507, 01994
79507, 01995
79507, 01996
79507, 01997
79507, 01998
79507, 01999
79507, 02000
79507, 02001
79507, 02002
79507, 02003
79507, 02004
79507, 02005
79507, 02006
79507, 02007
79507, 02008
79507, 02009
79507, 02010
79507, 02011
79507, 02012
79507, 02013
79507, 02014
79507, 02015
79507, 02016
79507, 02017
79507, 02018
79507, 02019
79507, 02020
79507, 02021
79507, 02022
79507, 02023
79507, 02024
79507, 02025
79507, 02026
79507, 02027
79507, 02028
79507, 02029
79507, 02030
79507, 02031
79507, 02032
79507, 02033
79507, 02034
79507, 02035
79507, 02036
79507, 02037
79507, 02038
79507, 02039
79507, 02040
79507, 02041
79507, 02042
79507, 02043
79507, 02044
79507, 02045
79507, 02046
79507, 02047
79507, 02048
79507, 02049
79507, 02050
79507, 02051
79507, 02052
79507, 02053
79507, 02054
79507, 02055
79507, 02056
79507, 02057
79507, 02058
79507, 02059
79507, 02060
79507, 02061
79507, 02062
79507, 02063
79507, 02064
79507, 02065
79507, 02066
79507, 02067
79507, 02068
79507, 02069
79507, 02070
79507, 02071
79507, 02072
79507, 02073
79507, 02074
79507, 02075
79507, 02076
79507, 02077
79507, 02078
79507, 02079
79507, 02080
79507, 02081
79507, 02082
79507, 02083
79507, 02084
79507, 02085
79507, 02086
79507, 02087
79507, 02088
79507, 02089
79507, 02090
79507, 02091
79507, 02092
79507, 02093
79507, 02094
79507, 02095
79507, 02096
79507, 02097
79507, 02098
79507, 02099
79507, 02100
79507, 02101
79507, 02102
79507, 02103
79507, 02104
79507, 02105
79507, 02106
79507, 02107
79507, 02108
79507, 02109
79507, 02110
79507, 02111
79507, 02112
79507, 02113
79507, 02114
79507, 02115
79507, 02116
79507, 02117
79507, 02118
79507, 02119
79507, 02120
79507, 02121
79507, 02122
79507, 02123
79507, 02124
79507, 02125
79507, 02126
79507, 02127
79507, 02128
79507, 02129
79507, 02130
79507, 02131
79507, 02132
79507, 02133
79507, 02134
79507, 02135
79507, 02136
79507, 02137
79507, 02138
79507, 02139
79507, 02140
79507, 02141
79507, 02142
79507, 02143
79507, 02144
79507, 02145
79507, 02146
79507, 02147
79507, 02148
79507, 02149
79507, 02150
79507, 02151
79507, 02152
79507, 02153
79507, 02154
79507, 02155
79507, 02156
79507, 02157
79507, 02158
79507, 02159
79507, 02160
79507, 02161
79507, 02162
79507, 02163
79507, 02164
79507, 02165
79507, 02166
79507, 02167
79507, 02168
79507, 02169
79507, 02170
79507, 02171
79507, 02172
79507, 02173
79507, 02174
79507, 02175
79507, 02176
79507, 02177
79507, 02178
79507, 02179
79507, 02180
79507, 02181
79507, 02182
79507, 02183
79507, 02184
79507, 02185
79507, 02186
79507, 02187
79507, 02188
79507, 02189
79507, 02190
79507, 02191
79507, 02192
79507, 02193
79507, 02194
79507, 02195
79507, 02196
79507, 02197
79507, 02198
79507, 02199
79507, 02200
79507, 02201
79507, 02202
79507, 02203
79507, 02204
79507, 02205
79507, 02206
79507, 02207
79507, 02208
79507, 02209
79507, 02210
79507, 02211
79507, 02212
79507, 02213
79507, 02214
79507, 02215
79507, 02216
79507, 02217
79507, 02218
79507, 02219
79507, 02220
79507, 02221
79507, 02222
79507, 02223
79507, 02224
79507, 02225
79507, 02226
79507, 02227
79507, 02228
79507, 02229
79507, 02230
79507, 02231
79507, 02232
79507, 02233
79507, 02234
79507, 02235
79507, 02236
79507, 02237
79507, 02238
79507, 02239
79507, 02240
79507, 02241
79507, 02242
79507, 02243
79507, 02244
79507, 02245
79507, 02246
79507, 02247
79507, 02248
79507, 02249
79507, 02250
79507, 02251
79507, 02252
79507, 02253
79507, 02254
79507, 02255
79507, 02256
79507, 02257
79507, 02258
79507, 02259
79507, 02260
79507, 02261
79507, 02262
79507, 02263
79507, 02264
79507, 02265
79507, 02266
79507, 02267
79507, 02268
79507, 02269
79507, 02270
79507, 02271
79507, 02272
79507, 02273
79507, 02274
79507, 02275
79507, 02276
79507, 02277
79507, 02278
79507, 02279
79507, 02280
79507, 02281
79507, 02282
79507, 02283
79507, 02284
79507, 02285
79507, 02286
79507, 02287
79507, 02288
79507, 02289
79507, 02290
79507, 02291
79507, 02292
79507, 02293
79507, 02294
79507, 02295
79507, 02296
79507, 02297
79507, 02298
79507, 02299
79507, 02300
79507, 02301
79507, 02302
79507, 02303
79507, 02304
79507, 02305
79507, 02306
79507, 02307
79507, 02308
79507, 02309
79507, 02310
79507, 02311
79507, 02312
79507, 02313
79507, 02314
79507, 02315
79507, 02316
79507, 02317
79507, 02318
79507, 02319
79507, 02320
79507, 02321
79507, 02322
79507, 02323
79507, 02324
79507, 02325
79507, 02326
79507, 02327
79507, 02328
79507, 02329
79507, 02330
79507, 02331
79507, 02332
79507, 02333
79507, 02334
79507, 02335
79507, 02336
79507, 02337
79507, 02338
79507, 02339
79507, 02340
79507, 02341
79507, 02342
79507, 02343
79507, 02344
79507, 02345
79507, 02346
79507, 02347
79507, 02348
79507, 02349
79507, 02350
79507, 02351
79507, 02352
79507, 02353
79507, 02354
79507, 02355
79507, 02356
79507, 02357
79507, 02358
79507, 02359
79507, 02360
79507, 02361
79507, 02362
79507, 02363
79507, 02364
79507, 02365
79507, 02366
79507, 02367
79507, 02368
79507, 02369
79507, 02370
79507, 02371
79507, 02372
79507, 02373
79507, 02374
79507, 02375
79507, 02376
79507, 02377
79507, 02378
79507, 02379
79507, 02380
79507, 02381
79507, 02382
79507, 02383
79507, 02384
79507, 02385
79507, 02386
79507, 02387
79507, 02388
79507, 02389
79507, 02390
79507, 02391
79507, 02392
79507, 02393
79507, 02394
79507, 02395
79507, 02396
79507, 02397
79507, 02398
79507, 02399
79507, 02400
79507, 02401
79507, 02402
79507, 02403
79507, 02404
79507, 02405
79507, 02406
79507, 02407
79507, 02408
79507, 02409
79507, 02410
79507, 02411
79507, 02412
79507, 02413
79507, 02414
79507, 02415
79507, 02416
79507, 02417
79507, 02418
79507, 02419
79507, 02420
79507, 02421
79507, 02422
79507, 02423
79507, 02424
79507, 02425
79507, 02426
79507, 02427
79507, 02428
79507, 02429
79507, 02430
79507, 02431
79507, 02432
79507, 02433
79507, 02434
79507, 02435
79507, 02436
79507, 02437
79507, 02438
79507, 02439
79507, 02440
79507, 02441
79507, 02442
79507, 02443
79507, 02444
79507, 02445
79507, 02446
79507, 02447
79507, 02448
79507, 02449
79507, 02450
79507, 02451
79507, 02452
79507, 02453
79507, 02454
79507, 02455
79507, 02456
79507, 02457
79507, 02458
79507, 02459
79507, 02460
79507, 02461
79507, 02462
79507, 02463
79507, 02464
79507, 02465
79507, 02466
79507, 02467
79507, 02468
79507, 02469
79507, 02470
79507, 02471
79507, 02472
79507, 02473
79507, 02474
79507, 02475
79507, 02476
79507, 02477
79507, 02478
79507, 02479
79507, 02480
79507, 02481
79507, 02482
79507, 02483
79507, 02484
79507, 02485
79507, 02486
79507, 02487
79507, 02488
79507, 02489
79507, 02490
79507, 02491
79507, 02492
79507, 02493
79507, 02494
79507, 02495
79507, 02496
79507, 02497
79507, 02498
79507, 02499
79507, 02500
79507, 02501
79507, 02502
79507, 02503
79507, 02504
79507, 02505
79507, 02506
79507, 02507
79507, 02508
79507, 02509
79507, 02510
79507, 02511
79507, 02512
79507, 02513
79507, 02514
79507, 02515
79507, 02516
79507, 02517
79507, 02518
79507, 02519
79507, 02520
79507, 02521
79507, 02522
79507, 02523
79507, 02524
79507, 02525
79507, 02526
79507, 02527
79507, 02528
79507, 02529
79507, 02530
79507, 02531
79507, 02532
79507, 02533
79507, 02534
79507, 02535
79507, 02536
79507, 02537
79507, 02538
79507, 02539
79507, 02540
79507, 02541
79507, 02542
79507, 02543
79507, 02544
79507, 02545
79507, 02546
79507, 02547
79507, 02548
79507, 02549
79507, 02550
79507, 02551
79507, 02552
79507, 02553
79507, 02554
79507, 02555
79507, 02556