SetDesc: "NNPDF3.0 NLO global fit, alphas(MZ)=0.118. mem=0 => average on replicas; mem=1-100 => PDF replicas"
SetIndex: 260000
Authors: NNPDF Collaboration. R.D. Ball, V. Bertone, S. Carrazza,  C.S. Deans, L. Del Debbio, S. Forte, A. Guffanti, N.P. Hartland, J.I. Latorre, J. Rojo and M. Ubiali
Reference: arXiv:1410.8849
Format: lhagrid1
DataVersion: 2
NumMembers: 101
Particle: 2212
Flavors: [-5, -4, -3, -2, -1, 1, 2, 3, 4, 5, 21]
OrderQCD: 1
FlavorScheme: variable
NumFlavors: 5
ErrorType: replicas
XMin: 9.9999997e-10
XMax: 1.0000000e+00
QMin: 1.0000000e+00
QMax: 1.0000000e+05
MZ: 9.1199997e+01
MUp: 0
MDown: 0
MStrange: 0
MCharm: 1.2750000e+00
MBottom: 4.1799998e+00
MTop: 1.7307001e+02
AlphaS_MZ: 0.1180000
AlphaS_OrderQCD: 1
AlphaS_Type: ipol
AlphaS_Qs: [1.0000000e+00, 1.0796795e+00, 1.1706605e+00, 1.2750000e+00, 1.2750000e+00, 1.3855224e+00, 1.5120252e+00, 1.6574510e+00, 1.8253968e+00, 2.0202851e+00, 2.2475839e+00, 2.5140953e+00, 2.8283343e+00, 3.2010288e+00, 3.6457884e+00, 4.1800003e+00, 4.1800003e+00, 4.7741985e+00, 5.4871731e+00, 6.3481822e+00, 7.3949838e+00, 8.6766729e+00, 1.0257580e+01, 1.2222692e+01, 1.4685240e+01, 1.7797415e+01, 2.1765667e+01, 2.6872751e+01, 3.3509815e+01, 4.2223629e+01, 5.3786850e+01, 6.9303848e+01, 9.0371864e+01, 1.1932981e+02, 1.5964717e+02, 2.1654037e+02, 2.9796371e+02, 4.1622632e+02, 5.9067157e+02, 8.5218951e+02, 1.2509458e+03, 1.8698527e+03, 2.8484863e+03, 4.4263682e+03, 7.0228691e+03, 1.1387848e+04, 1.8891875e+04, 3.2098328e+04, 5.5918199e+04, 1.0000000e+05]
AlphaS_Vals: [4.3602860e-01, 4.1194767e-01, 3.8934243e-01, 3.6811593e-01, 3.6811593e-01, 3.5182863e-01, 3.3622324e-01, 3.2127756e-01, 3.0696914e-01, 2.9327542e-01, 2.8017390e-01, 2.6764223e-01, 2.5565836e-01, 2.4420048e-01, 2.3324735e-01, 2.2277813e-01, 2.2277813e-01, 2.1445487e-01, 2.0639192e-01, 1.9858520e-01, 1.9103040e-01, 1.8372288e-01, 1.7665777e-01, 1.6983001e-01, 1.6323434e-01, 1.5686537e-01, 1.5071763e-01, 1.4478554e-01, 1.3906348e-01, 1.3354580e-01, 1.2822686e-01, 1.2310097e-01, 1.1816255e-01, 1.1340600e-01, 1.0882581e-01, 1.0441652e-01, 1.0017276e-01, 9.6089236e-02, 9.2160769e-02, 8.8382244e-02, 8.4748693e-02, 8.1255220e-02, 7.7897064e-02, 7.4669577e-02, 7.1568221e-02, 6.8588577e-02, 6.5726340e-02, 6.2977336e-02, 6.0337499e-02, 5.7802878e-02]
AlphaS_Lambda4: 0.342207
AlphaS_Lambda5: 0.239
